# time_ps  C_avg  count
  0.00000000 -2.606421947050e-03 35201638
  0.00500000 -1.078572732479e+00 35198830
  0.01000000  1.826237999765e-02 35196022
  0.01500000  4.690696116571e-01 35193346
  0.02000000  2.693818001940e-01 35190800
  0.02500000  5.802534783620e-01 35188312
  0.03000000 -5.785963972454e-01 35185850
  0.03500000  2.987981063023e-01 35183394
  0.04000000 -8.971165275450e-02 35180944
  0.04500000 -2.107520442803e-01 35178496
  0.05000000  1.079445959643e-01 35176056
  0.05500000 -2.027780730708e-01 35173620
  0.06000000  3.914764259893e-01 35171186
  0.06500000 -2.487876958592e-01 35168754
  0.07000000 -6.542888018707e-02 35166322
  0.07500000  3.316487071787e-01 35163896
  0.08000000 -7.590060485782e-02 35161470
  0.08500000  1.051290935595e-01 35159046
  0.09000000 -2.309458265948e-01 35156622
  0.09500000  1.015665933353e-01 35154200
  0.10000000  1.594523302003e-01 35151786
  0.10500000 -2.650806827667e-01 35149376
  0.11000000  1.749277361363e-01 35146968
  0.11500000  3.403269226324e-02 35144562
  0.12000000  8.465605002780e-02 35142164
  0.12500000 -5.268302581976e-02 35139768
  0.13000000 -1.766503654007e-01 35137376
  0.13500000  2.599207286784e-01 35134986
  0.14000000 -1.071968464515e-01 35132598
  0.14500000 -6.570782032598e-02 35130220
  0.15000000  2.282107554860e-02 35127848
  0.15500000  1.149688376191e-02 35125478
  0.16000000  1.164900534420e-01 35123112
  0.16500000 -2.076465869460e-01 35120750
  0.17000000  5.875273237043e-02 35118388
  0.17500000  8.867533498611e-02 35116030
  0.18000000 -9.051393093947e-02 35113672
  0.18500000 -1.793312557534e-02 35111314
  0.19000000 -5.680195939675e-02 35108958
  0.19500000  1.383774521550e-01 35106604
  0.20000000 -2.895215988985e-02 35104250
  0.20500000 -1.157354324758e-01 35101900
  0.21000000  8.083242834900e-02 35099554
  0.21500000  6.198969261766e-03 35097210
  0.22000000 -1.218825404973e-02 35094868
  0.22500000 -7.689961112133e-02 35092526
  0.23000000  1.972846758271e-02 35090188
  0.23500000  1.088219466091e-01 35087852
  0.24000000 -7.142230546758e-02 35085520
  0.24500000 -2.489215161183e-02 35083190
  0.25000000  5.010958784441e-02 35080862
  0.25500000  4.402971522624e-02 35078536
  0.26000000 -3.048809147534e-03 35076212
  0.26500000 -6.216031799395e-02 35073890
  0.27000000  6.766315707621e-02 35071570
  0.27500000  4.328709582317e-02 35069252
  0.28000000 -6.307022377303e-02 35066934
  0.28500000 -1.437993402347e-02 35064620
  0.29000000  2.547766369535e-02 35062306
  0.29500000  4.102057217782e-02 35059992
  0.30000000 -4.512279556845e-02 35057680
  0.30500000 -4.336711694739e-02 35055372
  0.31000000  5.927982327040e-02 35053066
  0.31500000  3.120300350596e-03 35050760
  0.32000000 -4.254539696727e-02 35048458
  0.32500000 -1.825670896743e-02 35046156
  0.33000000  3.180802074793e-02 35043854
  0.33500000  2.661561192247e-02 35041552
  0.34000000 -5.793210332232e-02 35039250
  0.34500000 -8.374531704599e-03 35036950
  0.35000000  4.838522560670e-02 35034650
  0.35500000  2.364081330352e-03 35032350
  0.36000000 -2.754585858576e-02 35030052
  0.36500000 -6.910242099572e-03 35027754
  0.37000000  4.434349419552e-02 35025456
  0.37500000  9.833717093374e-04 35023160
  0.38000000 -5.216979077092e-02 35020864
  0.38500000  4.208473259067e-03 35018568
  0.39000000  3.422617535913e-02 35016272
  0.39500000 -1.236271715694e-03 35013980
  0.40000000 -2.593685281813e-02 35011688
  0.40500000  5.599413555801e-03 35009398
  0.41000000  4.334346054131e-02 35007108
  0.41500000 -9.171436761134e-03 35004818
  0.42000000 -3.839687851892e-02 35002528
  0.42500000  9.938164437495e-03 35000238
  0.43000000  1.984230359714e-02 34997948
  0.43500000 -9.021201903954e-03 34995658
  0.44000000 -2.350563142325e-02 34993372
  0.44500000  1.475674235387e-02 34991088
  0.45000000  3.660339018373e-02 34988810
  0.45500000 -1.711684040773e-02 34986534
  0.46000000 -2.278786228802e-02 34984260
  0.46500000  1.728589851277e-02 34981986
  0.47000000  1.411543326567e-02 34979712
  0.47500000 -9.900882795581e-03 34977440
  0.48000000 -2.252778750798e-02 34975168
  0.48500000  2.613619823146e-02 34972896
  0.49000000  2.334100268341e-02 34970624
  0.49500000 -2.730312517961e-02 34968356
  0.50000000 -8.268939244215e-03 34966088
  0.50500000  7.964093296753e-03 34963822
  0.51000000  1.302691051321e-02 34961558
  0.51500000 -1.835610875730e-02 34959294
  0.52000000 -1.387952669397e-02 34957030
  0.52500000  3.117835668056e-02 34954768
  0.53000000  3.565240062924e-04 34952506
  0.53500000 -1.179143175682e-02 34950244
  0.54000000 -4.931276661416e-03 34947982
  0.54500000  1.452762064157e-02 34945720
  0.55000000  1.451080325852e-02 34943458
  0.55500000 -2.641013569552e-02 34941196
  0.56000000 -7.346886285239e-04 34938934
  0.56500000  1.097553644353e-02 34936674
  0.57000000 -8.785446252118e-03 34934416
  0.57500000 -8.158353752403e-03 34932162
  0.58000000 -1.811487906109e-03 34929908
  0.58500000  2.320664108869e-02 34927654
  0.59000000  1.513668706942e-03 34925400
  0.59500000 -1.124524471774e-02 34923148
  0.60000000  1.136377107285e-02 34920896
  0.60500000  1.110022243259e-03 34918644
  0.61000000 -5.110989815704e-04 34916392
  0.61500000 -1.270448562032e-02 34914140
  0.62000000  4.169443156219e-03 34911888
  0.62500000  1.288477162526e-02 34909636
  0.63000000 -1.151844502405e-02 34907386
  0.63500000 -4.875070146325e-03 34905138
  0.64000000 -2.042377102326e-03 34902890
  0.64500000  8.163779457091e-03 34900644
  0.65000000 -7.333118682156e-03 34898398
  0.65500000 -1.002016053395e-02 34896156
  0.66000000  4.365410222969e-03 34893916
  0.66500000 -2.927928582145e-04 34891678
  0.67000000 -5.027053661319e-03 34889440
  0.67500000 -7.108955148139e-03 34887202
  0.68000000  1.319780224001e-02 34884972
  0.68500000  4.367852628210e-03 34882744
  0.69000000  2.359772641156e-03 34880516
  0.69500000 -9.687639584521e-04 34878290
  0.70000000  1.914327159725e-03 34876064
  0.70500000  5.124256238370e-03 34873842
  0.71000000 -1.140234949379e-02 34871620
  0.71500000  8.882216506035e-03 34869400
  0.72000000  6.527635254129e-04 34867180
  0.72500000  3.963700476161e-03 34864960
  0.73000000  3.497793837201e-04 34862742
  0.73500000 -6.313601926515e-03 34860530
  0.74000000  1.492963741055e-02 34858318
  0.74500000 -6.090352956533e-03 34856106
  0.75000000  4.175986366920e-03 34853894
  0.75500000  1.320306542716e-03 34851682
  0.76000000 -1.079684801152e-03 34849470
  0.76500000  8.198392637049e-03 34847258
  0.77000000 -1.676586812434e-02 34845046
  0.77500000  1.229923973169e-03 34842834
  0.78000000 -5.475678014171e-03 34840622
  0.78500000 -4.940209419995e-03 34838410
  0.79000000  1.143915007923e-02 34836198
  0.79500000 -3.394357401934e-03 34833986
  0.80000000  7.380781043957e-03 34831774
  0.80500000 -9.366261651009e-03 34829564
  0.81000000 -7.966304954052e-03 34827354
  0.81500000  5.220470572266e-03 34825144
  0.82000000 -1.196189656212e-02 34822934
  0.82500000  6.587053884578e-03 34820726
  0.83000000 -2.197097942694e-03 34818520
  0.83500000  1.978323498954e-04 34816314
  0.84000000  5.158379238110e-03 34814108
  0.84500000 -1.067825492474e-02 34811902
  0.85000000  1.532569154101e-02 34809696
  0.85500000 -4.042699075274e-03 34807490
  0.86000000 -2.310935617672e-03 34805284
  0.86500000  2.170774907832e-03 34803078
  0.87000000 -9.447875051624e-03 34800876
  0.87500000  1.331295490258e-02 34798674
  0.88000000 -9.597799896452e-03 34796472
  0.88500000  1.144740399607e-02 34794270
  0.89000000  7.017949305252e-03 34792068
  0.89500000 -1.089673174384e-02 34789868
  0.90000000  8.273290971399e-03 34787670
  0.90500000 -9.316269059217e-03 34785472
  0.91000000  1.337594834376e-02 34783274
  0.91500000 -7.072131378947e-03 34781078
  0.92000000 -1.025834595269e-02 34778882
  0.92500000  8.132983436566e-03 34776688
  0.93000000 -1.183362373077e-02 34774494
  0.93500000  4.654655386420e-03 34772300
  0.94000000 -5.599498243016e-03 34770106
  0.94500000  8.833908882368e-03 34767912
  0.95000000  1.127019841742e-02 34765718
  0.95500000 -1.080794661704e-02 34763524
  0.96000000  9.259224992749e-03 34761332
  0.96500000  6.856066073686e-04 34759140
  0.97000000  1.871712804670e-03 34756948
  0.97500000 -2.351417993090e-03 34754758
  0.98000000 -7.777974921198e-03 34752568
  0.98500000  1.301099352759e-02 34750378
  0.99000000 -7.401090415814e-03 34748190
  0.99500000 -3.457237406317e-03 34746002
