# time_ps  C_avg  count
  0.00000000  2.194128221503e-01 351996
  0.00500000 -1.117803084518e+00 350214
  0.01000000  7.721629525929e-02 348432
  0.01500000  5.221467998337e-01 346650
  0.02000000  2.180352603469e-01 344872
  0.02500000  6.235532241438e-01 343100
  0.03000000 -7.670029874473e-01 341332
  0.03500000  2.927820688840e-01 339564
  0.04000000 -1.404978863009e-01 337796
  0.04500000 -1.963068201496e-01 336030
  0.05000000  1.566427301994e-01 334264
  0.05500000 -2.650345868879e-01 332498
  0.06000000  3.951848464855e-01 330732
  0.06500000 -3.640799395277e-01 328966
  0.07000000 -6.915021625010e-02 327200
  0.07500000  3.861304486309e-01 325434
  0.08000000  9.191023215667e-03 323668
  0.08500000  1.711650708141e-01 321902
  0.09000000 -1.755092329891e-01 320136
  0.09500000  1.290762771574e-01 318370
  0.10000000  1.873240356416e-01 316604
  0.10500000 -2.382746366760e-01 314838
  0.11000000  2.561554561279e-01 313072
  0.11500000  1.184290020403e-01 311306
  0.12000000 -3.251488423692e-03 309540
  0.12500000 -1.333486502809e-01 307774
  0.13000000 -2.912584434329e-01 306008
  0.13500000  2.535450126241e-01 304242
  0.14000000 -9.200256661873e-02 302476
  0.14500000 -9.495399239860e-02 300712
  0.15000000  7.513775426513e-02 298948
  0.15500000 -3.168199270701e-02 297184
  0.16000000  6.706269189991e-02 295420
  0.16500000 -2.640755992267e-01 293656
  0.17000000  7.752138390957e-02 291892
  0.17500000  1.544419929983e-01 290128
  0.18000000 -9.428742182965e-02 288364
  0.18500000  5.803419382479e-02 286600
  0.19000000  2.737160219703e-02 284836
  0.19500000  1.868242690517e-01 283072
  0.20000000 -2.939206811465e-02 281308
  0.20500000 -1.613372076423e-01 279546
  0.21000000  1.435799212438e-01 277784
  0.21500000  7.825718694490e-02 276022
  0.22000000 -3.954645961428e-02 274260
  0.22500000 -2.252541610801e-02 272498
  0.23000000  4.533553602786e-03 270736
  0.23500000  9.276788045391e-02 268974
  0.24000000 -1.458249236463e-01 267212
  0.24500000 -1.030140932433e-01 265450
  0.25000000  7.061187227730e-02 263688
  0.25500000 -1.054354271144e-01 261926
  0.26000000 -3.035259835090e-02 260164
  0.26500000 -1.538735562505e-01 258402
  0.27000000  7.240466520369e-02 256640
  0.27500000  1.361952038080e-01 254878
  0.28000000 -8.570030297184e-02 253116
  0.28500000  1.742204434804e-01 251354
  0.29000000  1.706729653249e-02 249592
  0.29500000  2.459853858697e-02 247830
  0.30000000 -1.407281417993e-01 246068
  0.30500000 -1.200119480153e-01 244306
  0.31000000  1.861388866499e-01 242546
  0.31500000 -1.287874480313e-01 240786
  0.32000000 -5.287776142048e-02 239026
  0.32500000 -4.633298986964e-03 237266
  0.33000000  1.037567009679e-01 235506
  0.33500000  8.584522643318e-02 233746
  0.34000000 -1.587151212434e-01 231986
  0.34500000  6.086101799694e-02 230226
  0.35000000  3.357191439930e-03 228466
  0.35500000 -6.034946188816e-02 226706
  0.36000000 -8.262312705526e-02 224946
  0.36500000 -5.564643080326e-02 223186
  0.37000000  1.495758219906e-01 221426
  0.37500000 -6.865260192004e-02 219666
  0.38000000 -3.752278930970e-02 217906
  0.38500000  1.087916228153e-01 216146
  0.39000000  7.134838317160e-02 214386
  0.39500000  1.016472998372e-01 212626
  0.40000000 -1.223885345185e-02 210866
  0.40500000  1.670703020418e-01 209106
  0.41000000  1.307911298432e-01 207346
  0.41500000 -1.125539182982e-01 205586
  0.42000000 -7.065196063239e-02 203826
  0.42500000 -1.098518709251e-01 202066
  0.43000000  7.344910777710e-03 200306
  0.43500000 -9.689175844384e-02 198546
  0.44000000 -9.789385225439e-02 196786
  0.44500000  1.070438776805e-01 195026
  0.45000000  3.431845439427e-02 193266
  0.45500000  9.587659091816e-02 191506
  0.46000000  2.013532213643e-04 189746
  0.46500000  5.524201087765e-02 187986
  0.47000000  4.728930616474e-02 186226
  0.47500000 -1.794854266747e-01 184466
  0.48000000 -4.919909850319e-02 182706
  0.48500000 -4.277715080392e-02 180946
  0.49000000  9.339735677719e-02 179186
  0.49500000 -1.736596001279e-02 177426
  0.50000000 -5.653161597634e-02 175666
  0.50500000  1.329973569677e-01 173906
  0.51000000 -6.667704334907e-02 172146
  0.51500000  1.381696326909e-02 170386
  0.52000000 -1.079420567702e-01 168626
  0.52500000  1.913200136484e-02 166866
  0.53000000  7.479061150917e-02 165106
  0.53500000 -1.355355389134e-01 163346
  0.54000000  4.136734624252e-02 161586
  0.54500000 -1.399846783933e-02 159826
  0.55000000  1.255888834319e-01 158066
  0.55500000 -8.278110232834e-03 156306
  0.56000000 -1.935980335205e-02 154546
  0.56500000  1.311570243072e-01 152786
  0.57000000 -1.159895842585e-01 151026
  0.57500000 -1.040184062717e-01 149266
  0.58000000 -4.700552448625e-02 147506
  0.58500000  1.358185620677e-01 145746
  0.59000000  6.291145304704e-02 143986
  0.59500000 -1.186141089945e-01 142226
  0.60000000 -3.936534165965e-03 140466
  0.60500000 -8.155987316936e-02 138706
  0.61000000 -1.566620790850e-01 136946
  0.61500000 -1.572076648588e-01 135186
  0.62000000 -2.914996599048e-02 133426
  0.62500000  1.308171366920e-01 131666
  0.63000000  6.642205958532e-02 129906
  0.63500000  7.404418677154e-02 128146
  0.64000000  1.641126994225e-01 126386
  0.64500000  1.127805860131e-01 124626
  0.65000000 -4.006495703686e-02 122866
  0.65500000 -1.302571270109e-01 121106
  0.66000000 -3.443819258697e-03 119346
  0.66500000  1.705976664619e-01 117586
  0.67000000  1.232266661212e-01 115826
  0.67500000  1.227700726505e-01 114066
  0.68000000  8.655703583157e-02 112308
  0.68500000 -1.748834583296e-02 110550
  0.69000000 -6.244730993891e-02 108792
  0.69500000 -9.219283677045e-02 107036
  0.70000000  1.040286760786e-01 105280
  0.70500000  1.138410065964e-02 103524
  0.71000000 -9.537880202479e-02 101768
  0.71500000 -1.760542594216e-01 100012
  0.72000000 -1.363690245498e-01 98256
  0.72500000  4.345627361654e-02 96500
  0.73000000 -1.210906057435e-02 94744
  0.73500000  5.350086485284e-02 92988
  0.74000000  5.224220759723e-02 91232
  0.74500000  1.526300786978e-04 89476
  0.75000000  8.478299851658e-03 87720
  0.75500000  1.879495012680e-02 85964
  0.76000000  1.466938373083e-01 84208
  0.76500000  1.995604097312e-01 82452
  0.77000000  1.687342203547e-02 80696
  0.77500000  2.025976753699e-02 78940
  0.78000000  8.200803092962e-03 77184
  0.78500000 -8.236873431557e-02 75428
  0.79000000 -7.466154857313e-02 73672
  0.79500000 -1.322292875042e-01 71916
  0.80000000  1.113328936758e-01 70160
  0.80500000 -1.102449407613e-01 68406
  0.81000000 -1.669178962537e-01 66652
  0.81500000 -2.843700317812e-02 64898
  0.82000000 -1.266139323067e-03 63144
  0.82500000  1.655341954464e-01 61390
  0.83000000 -2.886455946830e-01 59636
  0.83500000 -1.652655645992e-01 57882
  0.84000000 -1.210956821009e-01 56128
  0.84500000 -1.567571374823e-01 54374
  0.85000000  1.332267806248e-01 52620
  0.85500000  9.663179568265e-02 50866
  0.86000000  4.341023856853e-01 49112
  0.86500000  1.892904639190e-01 47358
  0.87000000  1.076813378506e-01 45604
  0.87500000  2.289044091828e-01 43850
  0.88000000  2.360190994694e-02 42096
  0.88500000  3.213720338705e-01 40342
  0.89000000  1.136778217084e-01 38588
  0.89500000  1.610999908975e-01 36834
  0.90000000  1.994874927706e-01 35080
  0.90500000  1.821057007381e-02 33326
  0.91000000  8.323528235252e-02 31572
  0.91500000 -2.093095639355e-01 29818
  0.92000000  2.718178514300e-02 28064
  0.92500000  4.633282499850e-01 26310
  0.93000000 -9.000488932067e-03 24556
  0.93500000 -6.080080456847e-01 22802
  0.94000000 -9.011048628499e-01 21048
  0.94500000 -5.744859542918e-01 19294
  0.95000000 -5.200680542970e-01 17540
  0.95500000 -5.692577523210e-01 15786
  0.96000000  4.632337752229e-01 14032
  0.96500000  1.483697558120e+00 12278
  0.97000000  1.221075689894e+00 10524
  0.97500000  8.621675346348e-01 8770
  0.98000000  8.870940961311e-01 7016
  0.98500000  1.256525964580e+00 5262
  0.99000000 -1.492521753862e+00 3508
  0.99500000 -6.271135511803e+00 1754
